Oven_CNT: 78.6549060009964
TotalTimeInOven: 118.44578011988
OvenTempAtPick: 157.415496012066
DoorOpenTime: 59.2500558589341
TrayPos: 78.9763387030331
Part_Height: 145.172455718813
TiltTime: 61.8808799347257
DripTime: 86.0488828736054
PourAngle: 58.9528009658655
Cure_Time: 85.868907099918
PourDelay: 93.6826051481674
PourCompleteDelay: 97.7266805966338
PourAreaTemp: 69.8904928505624